function y = ch1_cal(x)
    %11/19
    %y = -1E-08*x^5 - 8E-08*x^4 + 3E-06*x^3 + 6E-07*x^2 + 1.0006*x + 0.0082 -0.007;

    % 5/8
    %y = 1.0006732*x + -0.012;
    y = -1E-08*x^5 - 8E-08*x^4 + 3E-06*x^3 + 6E-07*x^2 + 1.0006*x + 0.013;
    
