dispscaling = [0.50907036 1.975396916 1.903877301 -1.02];

